4082.353988773882
92.10340371976181
0.0
92.10340371976181
92.10340371976181
0.0
0.0
92.10340371976181
0.0
92.10340371976181
0.0
0.201006717070029
92.10340371976181
100.08080740061455
0.0
70.13115794639961
0.0
2.3306763251190303
0.0
32.18875824868201
32.18875824868201
0.0
0.0
30.557158508833545
0.0
18.3258146374831
8.615658321849084
0.0
10.894543508833438
14.266997757549296
14.266997757549296
14.266997757549296
13.862943611198906
13.862943611198906
13.862943611198906
12.323722788476339
17.551018071164492
13.862943611198906
0.0
22.96445578442888
0.0
0.0
9.560716018859996
21.10530968329487
0.0
0.0
0.0
15.409205673252309
28.2117410737787
0.0
0.0
0.0
0.0
7.133498878774649
24.079456086518718
5.753641449035618
5.954648166105646
15.840574602401249
0.0
4.462871026284194
3.487067742895556
28.2445548629279
25.8383832745995
11.956740015112409
0.0
0.6091841496941715
39.32225712745665
0.40405414635038933
37.05568342131659
32.5928123950324
0.201006717070029
0.201006717070029
0.201006717070029
0.201006717070029
12.89857216578942
0.201006717070029
92.10340371976181
5.689743631105235
28.542327112802916
0.0
0.0
0.201006717070029
0.0
22.374259207502256
0.0
18.526821354553128
92.10340371976181
100.04040370030727
92.10340371976181
0.0
0.0
0.201006717070029
10.216512475319814
0.201006717070029
11.956740015112409
15.970153924355435
23.423659630058896
0.0
26.941472959332184
0.201006717070029
0.0
0.0
18.3258146374831
0.201006717070029
0.0
0.0
0.0
92.10340371976181
0.0
0.0
92.10340371976181
0.0
0.201006717070029
0.201006717070029
78.44146682563293
17.83196238567567
0.0
0.201006717070029
0.0
0.0
0.0
0.0
0.0
0.0
7.133498878774649
0.0
21.5761932274386
0.0
0.201006717070029
2.107210313156526
0.0
0.201006717070029
26.941472959332184
13.667897782345342
0.0
0.0
0.0
4.714446670421396
0.0
0.0
92.10340371976181
92.10340371976181
92.10340371976181
0.0
0.201006717070029
92.10340371976181
0.0
0.0
0.201006717070029
27.487315805092337
27.32983467647422
27.32983467647422
0.0
0.0
3.72659156382987
3.487067742895556
0.0
28.751753110148822
0.0
0.201006717070029
21.5761932274386
21.77719994450863
0.201006717070029
0.0
32.389764965752036
78.44146682563293
78.2404601085629
31.4139616823634
48.35991889010747
0.201006717070029
0.0
0.0
18.526821354553128
18.3258146374831
9.885926436295602
39.32225712745665
0.0
92.10340371976181
0.0
27.32983467647422
70.13115794639961
0.0
0.0
0.0
0.0
0.201006717070029
0.0
0.201006717070029
0.0
0.0
0.0
0.0
0.201006717070029
92.10340371976181
46.05170185988092
0.0
0.0
10.894543508833438
27.773944914724012
49.82654435181846
92.10340371976181
100.04040370030727
0.0
46.05170185988092
92.10340371976181
0.0
0.0
0.0
100.04040370030727
92.10340371976181
0.201006717070029
