Infinity
48.15891217303745
Infinity
26.020690343381343
24.22966071289755
23.01456579614247
65.1939563877691
92.30441043683184
26.149101699439797
60.94051135883081
27.725887222397812
21.367635107471404
27.003106290080346
48.15891217303745
92.30441043683184
36.6516292749662
36.403178874995056
60.94051135883081
37.20804803901438
60.94051135883081
60.94051135883081
24.848452294022707
60.94051135883081
60.94051135883081
65.1939563877691
60.94051135883081
26.845549514062327
70.74034209609378
34.9540095886905
60.94051135883081
46.45371529402098
29.786751276451138
26.468644887265285
60.94051135883081
25.501214520833315
31.993712419828444
70.74034209609378
20.82185156207367
0.0
0.0
0.0
0.0
5.753641449035618
0.0
0.0
0.0
0.0
0.0
2.556667430197698
0.0
0.0
0.0
0.0
0.0
0.0
1.8862135894248258
0.0
0.0
0.0
1.0258658877510116
0.0
0.0
0.0
0.0
0.0
1.8862135894248258
0.0
0.0
0.0
7.713249616239696
0.0
0.0
0.0
0.0
